1 1 2
1 2 4
1 3 3.5
1 4 3
1 5 4
1 6 3.5
1 7 3.5
1 8 3
1 9 2.5
1 10 4
1 11 4
1 12 4
2 13 2
3 14 0.5
3 15 1
3 16 4
3 17 3
3 18 4
3 19 4
3 20 2.5
3 21 1.5
3 22 2
3 23 3
3 24 4
3 25 1.5
3 26 1
3 27 4
3 28 3
3 29 3
3 30 4
3 31 3
3 32 2
3 33 2.5
3 34 3
3 35 4
3 36 2
3 37 2
3 38 2
3 39 4
3 40 4
3 41 4
3 42 0.5
3 43 4
3 44 4
3 45 2.5
3 46 1
3 47 2.5
3 48 4
3 49 3
3 50 4
3 51 0.5
3 52 4
3 53 4
3 54 4
3 55 2.5
3 56 2.5
3 57 0.5
3 58 4
3 59 4
3 60 4
3 61 0.5
3 62 4
3 63 1.5
3 64 4
3 65 0.5
3 66 4
3 67 4
3 6 0.5
3 68 4
3 69 3
3 70 2.5
3 71 4
3 72 2.5
3 73 0.5
3 74 2.5
3 75 3.5
3 76 0.5
3 77 3.5
3 78 4
3 79 2
3 80 2.5
3 81 2
3 82 3.5
3 83 2.5
3 84 3.5
3 85 3
3 86 3.5
3 87 3.5
3 88 2.5
3 89 0.5
3 90 3.5
3 91 1
3 92 2.5
3 93 1
3 94 4
3 95 3
3 96 4
3 97 4
3 98 2.5
3 99 3
3 100 0.5
3 101 3
3 102 4
3 103 4
3 104 2
3 105 3
3 106 3
3 107 4
3 108 0.5
3 109 3
3 110 4
3 111 4
3 112 3
3 113 1
3 114 4
3 115 4
3 116 1
3 117 4
3 118 4
3 119 2
3 120 2.5
3 121 2
3 122 2
3 123 3.5
3 124 3.5
3 125 2.5
3 126 4
3 127 0.5
3 128 0.5
3 129 4
3 130 2.5
3 131 2.5
3 132 4
3 133 3.5
3 134 2.5
3 135 3.5
3 136 4
3 137 1
3 138 1.5
3 139 3
3 140 2.5
3 141 4
3 142 4
3 143 1.5
3 144 4
3 145 4
3 146 1.5
3 147 4
3 148 3.5
3 149 3.5
3 150 2
3 10 3.5
3 151 4
3 152 3.5
3 153 2
3 154 1.5
3 155 4
3 156 1.5
3 157 1.5
3 158 4
3 159 1.5
3 160 3
3 161 4
3 162 4
3 163 3
3 164 3.5
3 165 3
3 166 4
3 167 4
3 168 4
3 169 3.5
3 170 2
3 171 1
3 172 0.5
3 173 2
3 174 4
3 175 1
3 176 3.5
3 177 2.5
3 178 4
3 179 2.5
3 180 2.5
3 181 4
3 182 3
3 183 2
3 184 1
3 185 2.5
3 186 3
3 187 2.5
3 188 4
3 189 4
3 190 4
3 191 2.5
3 192 4
3 193 4
3 194 3.5
3 195 1.5
3 196 1.5
3 197 3
3 198 4
3 199 3
3 200 1
3 201 3
3 202 4
3 203 3
3 204 3
4 205 3
4 3 2.5
4 206 3
4 1 3
4 207 2
4 17 0.5
5 208 3
6 17 3.5
6 2 4
6 209 4
6 210 4
6 211 3
6 7 3.5
7 1 1
7 212 4
7 2 4
7 11 4
7 213 1.5
7 214 1.5
7 215 3.5
7 10 4
7 216 4
7 205 2.5
7 3 0.5
7 13 2
8 217 4
8 215 4
9 218 4
10 13 4
10 215 4
10 213 0.5
10 11 4
10 10 4
11 206 3.5
11 1 3
11 7 4
11 219 3.5
12 12 4
12 207 4
12 3 3
12 84 1.5
12 11 4
12 211 2.5
12 220 3.5
12 4 3.5
12 2 3.5
13 218 3
13 221 1.5
13 222 4
13 223 3.5
13 206 4
13 224 0.5
13 225 0.5
13 226 2.5
13 11 4
13 207 2.5
13 227 3
13 228 4
13 229 0.5
13 230 3
13 231 0.5
13 232 3.5
13 4 4
14 233 3
14 205 0.5
14 211 4
14 234 4
14 235 0.5
14 7 3.5
14 207 0.5
14 236 4
14 13 4
15 2 4
16 235 3.5
16 207 4
16 11 3
16 7 3.5
16 12 3
16 236 2
16 213 4
16 4 2.5
16 1 3
16 2 4
16 219 3
17 237 2
17 215 4
18 9 3.5
19 238 2
19 239 3.5
19 2 4
19 211 3.5
19 240 2.5
19 213 3
19 17 4
19 241 3
19 3 2.5
20 242 3.5
20 207 2
20 7 3
21 239 3
21 243 4
21 1 2.5
21 9 4
21 211 4
21 212 3.5
21 244 2.5
21 245 4
21 214 4
21 235 3.5
21 246 4
21 205 4
21 210 2.5
21 247 4
21 248 4
21 12 4
21 249 3
21 17 4
21 220 4
21 11 4
21 215 4
21 250 4
21 251 4
21 84 4
21 252 3
21 7 2
21 233 4
21 217 3
21 241 4
21 6 4
21 253 3.5
21 254 3
21 255 4
21 236 4
21 206 3
21 4 4
21 2 4
21 13 4
21 207 4
21 256 3
21 219 4
21 5 4
21 8 4
21 213 3
21 216 3
21 234 3
21 121 4
21 10 3.5
21 3 3
21 257 4
22 4 4
22 255 4
22 2 4
22 7 4
22 235 3.5
22 219 3
22 257 3
22 17 4
22 1 4
22 11 4
22 12 4
23 7 2.5
23 207 3
23 3 4
23 1 3
23 5 3
23 213 2.5
23 9 3
23 219 2
23 8 3.5
24 258 4
24 259 4
25 255 3.5
25 207 3
25 214 2
25 1 3.5
25 84 3.5
25 17 3
25 234 2.5
25 211 4
25 249 2
25 246 2
25 250 4
25 9 2
25 254 4
25 121 3
25 241 1
25 216 3
25 210 3.5
25 252 2.5
25 219 3.5
25 212 2
25 6 3.5
25 11 4
25 2 4
25 8 3
25 245 3.5
25 248 4
25 217 2
25 239 2
25 253 3
25 220 0.5
25 236 3.5
25 243 3.5
25 244 3.5
25 206 2.5
25 7 3.5
25 4 2.5
25 247 2.5
25 257 2.5
25 12 1.5
25 10 2
25 5 3.5
25 215 4
25 13 4
25 251 3
25 235 1.5
25 256 3.5
25 3 4
25 233 3
25 205 2.5
25 213 2.5
26 215 3.5
26 1 3.5
26 260 1
26 11 3
26 214 0.5
27 261 3.5
27 213 4
27 255 1.5
27 10 4
27 5 2.5
27 1 1
27 234 2
27 13 2
27 262 2.5
27 3 1
27 205 3.5
27 214 3
27 216 2
27 252 1.5
27 212 3
27 11 4
27 2 1
27 217 3.5
27 219 1
27 263 2
27 239 1.5
27 215 0.5
27 7 1
28 17 3
28 253 3
28 254 2
28 255 3.5
28 7 2.5
28 236 4
28 206 3.5
28 4 3
28 13 3
28 207 2.5
28 256 2.5
28 5 3.5
28 8 4
28 213 2.5
28 216 2
28 234 3
28 121 3
28 2 3
28 3 2
28 257 3
28 219 3.5
28 1 2
28 9 3.5
28 211 3
28 212 3
28 245 2.5
28 214 3
28 235 3
28 246 2
28 205 3.5
28 210 2.5
28 10 1.5
28 247 3
28 239 3
28 248 3.5
28 12 3
28 249 3
28 243 3.5
28 11 2
28 220 3
28 215 3
28 250 3
28 251 3.5
28 244 2
28 84 2.5
28 252 3.5
28 233 3
28 217 2
28 241 3
28 6 2
29 242 3.5
29 264 3
29 265 3
29 266 0.5
29 267 0.5
29 268 3
29 269 3
29 270 3.5
29 271 3.5
29 272 3.5
29 273 2.5
29 274 3
29 275 3.5
29 276 3
29 277 0.5
29 278 3.5
29 279 3
29 280 0.5
29 281 3.5
29 282 3
29 283 2
29 284 3
29 285 3.5
29 286 4
29 287 3
29 288 3
29 289 4
29 290 3.5
29 291 4
29 59 0.5
29 292 3.5
29 293 3.5
29 218 4
29 294 3.5
29 295 3
29 296 0.5
29 297 3.5
29 298 3.5
29 299 4
29 300 3
29 301 2.5
29 302 3.5
29 303 3.5
29 304 0.5
29 305 3
29 306 4
29 307 4
30 244 1.5
30 5 0.5
30 12 4
30 241 2
30 6 1
30 8 4
30 234 0.5
30 216 4
30 13 4
30 121 4
30 84 4
30 207 0.5
30 251 2.5
30 249 1
30 250 4
30 219 4
30 254 3.5
30 9 2.5
30 7 0.5
30 246 0.5
30 206 0.5
30 257 4
30 247 0.5
30 235 4
30 205 4
30 239 4
30 213 1.5
30 2 0.5
30 4 3
30 248 2.5
30 210 0.5
30 233 0.5
30 215 2
30 3 4
30 11 4
30 253 1.5
30 1 4
30 220 0.5
30 256 4
30 214 1
30 217 1.5
30 243 2
30 17 4
30 211 1.5
30 10 3
30 255 0.5
30 212 0.5
30 245 1
30 252 4
30 236 2.5
31 11 4
31 215 3.5
31 213 2
31 13 2.5
31 1 3.5
31 2 2.5
31 216 3
32 206 3
32 1 3
32 205 3.5
32 12 2.5
32 308 4
32 236 2.5
32 8 3
32 13 4
32 7 3
32 2 3.5
33 236 3.5
33 213 3
33 206 1
33 11 4
33 7 2.5
33 1 1.5
33 4 4
33 207 3
33 12 2.5
33 2 3.5
33 235 2
33 257 3
34 234 4
34 257 2
34 219 4
34 241 4
34 17 4
34 10 4
34 3 3
34 11 3
34 4 2
34 205 2
34 12 2
34 236 4
34 7 4
34 1 4
34 2 2
34 216 3
34 207 4
34 121 4
35 309 4
35 219 2.5
35 9 2.5
35 310 4
35 7 2
35 311 4
35 2 3
36 4 4
36 210 4
36 236 4
36 12 3
36 205 4
36 9 4
36 216 3
36 255 4
36 207 4
36 6 4
36 250 3.5
36 219 3.5
36 234 3
36 211 4
36 3 3.5
36 5 4
36 8 4
36 10 4
36 11 4
36 215 4
36 213 4
36 241 3.5
36 235 3.5
36 13 4
36 7 4
36 206 4
36 1 4
36 17 4
36 2 4
37 17 4
37 247 4
37 246 3.5
37 212 4
37 235 2
37 9 4
37 255 4
37 216 4
37 210 4
37 2 3.5
37 205 4
37 252 3.5
37 1 4
37 248 4
37 8 4
37 254 4
37 13 3.5
37 251 4
37 243 3.5
37 245 3.5
37 236 4
37 217 3.5
37 5 4
37 213 4
37 256 3.5
37 241 3
37 215 4
37 11 3.5
37 219 3.5
37 84 3.5
37 253 4
37 4 4
37 6 3.5
37 233 4
37 207 3
37 250 4
37 206 4
37 121 3.5
37 244 4
37 7 3.5
37 12 3.5
37 211 4
37 234 4
37 220 3
37 249 4
37 239 4
37 10 4
37 257 3.5
37 214 3.5
37 3 4
38 251 1
38 255 1
38 249 1
38 6 1
38 239 0.5
38 250 1
38 217 1.5
38 219 3.5
38 84 2
38 244 0.5
38 234 1
38 253 2.5
38 212 3
38 246 1
38 9 3.5
38 245 1
38 211 3.5
38 312 4
38 254 0.5
38 207 0.5
38 3 2.5
38 8 4
38 214 2.5
38 233 1
38 252 2
38 11 1.5
38 213 0.5
38 241 1.5
38 256 0.5
38 13 2
38 5 1.5
38 7 1
38 206 1
38 257 1.5
38 10 1.5
38 220 0.5
38 215 3
38 17 3.5
38 2 0.5
38 4 1
38 235 2
38 210 1
38 243 0.5
38 1 3
38 236 3.5
38 248 1
38 12 2
38 205 1
38 121 1
38 216 1
38 247 1.5
39 257 3
39 84 3.5
39 17 4
39 213 3.5
39 241 3
39 11 3
39 12 2.5
39 5 4
39 236 4
39 9 4
39 7 4
39 207 2.5
39 215 3.5
39 8 4
39 235 3
39 254 3
40 235 1.5
41 215 4
41 11 4
41 216 3
41 10 2
41 13 3.5
42 212 4
42 7 4
42 278 0.5
42 11 4
42 213 3
43 1 2.5
43 213 1.5
43 11 3
43 10 2
43 13 3.5
43 3 1.5
43 215 3.5
44 13 2.5
44 10 3.5
44 215 1.5
44 11 4
44 207 4
44 4 4
45 251 4
45 216 2
45 256 3.5
45 11 1
45 4 1.5
45 13 1.5
45 215 3
46 12 3.5
46 17 3.5
46 251 4
46 255 3.5
46 239 4
46 250 3.5
46 219 4
46 254 4
46 207 3.5
46 233 3
46 5 3.5
46 8 3
46 10 3
46 11 3
46 220 3.5
46 2 4
46 213 4
46 4 3
46 13 3
47 313 4
47 314 3.5
47 235 3.5
47 12 3
47 10 4
47 13 4
48 4 3.5
48 12 3.5
48 11 4
49 246 3.5
49 11 4
49 257 4
50 8 3.5
50 211 4
50 3 3.5
50 2 3
50 219 4
50 234 3
50 12 3
50 254 3
50 250 4
50 207 3.5
50 11 4
50 253 4
50 236 4
50 84 3.5
50 10 3.5
50 7 2.5
50 233 3.5
50 13 4
50 1 3.5
50 5 4
50 6 4
50 252 3
50 241 3
50 216 3
50 257 3.5
50 206 4
50 4 4
50 217 3
50 9 4
50 215 3.5
50 213 3
50 17 4
50 255 3.5
50 220 3.5
50 121 4
50 245 3.5
50 239 3.5
50 251 3.5
50 235 3
51 315 4
51 316 4
51 317 2
51 318 2
51 319 1
51 320 4
51 321 2.5
51 322 3
51 323 0.5
51 324 3.5
51 325 2.5
51 326 0.5
51 327 1
51 328 4
51 235 3.5
51 329 4
51 330 0.5
51 331 4
51 332 1.5
51 333 0.5
51 334 3
52 13 3
52 213 3
52 215 4
52 11 4
52 10 3.5
53 7 4
53 219 3.5
53 211 4
53 243 3.5
53 236 3.5
53 210 3.5
53 252 4
53 255 2.5
53 212 3
53 8 3
53 215 3.5
53 11 3.5
53 241 4
53 84 4
53 13 4
53 251 4
53 245 2
53 4 2.5
53 207 4
53 1 2.5
53 253 3
53 9 4
53 10 4
53 121 3.5
53 217 3.5
53 244 3
53 233 3
53 17 3
53 246 3
53 12 3.5
53 206 4
53 235 3.5
53 239 3.5
53 247 3.5
53 5 2.5
53 213 3.5
53 216 4
53 257 3.5
53 205 4
53 214 3
53 220 3
53 256 4
53 254 4
53 250 4
53 234 3.5
53 3 3
53 248 4
53 249 2.5
53 6 3.5
53 2 4
54 257 3.5
54 11 4
55 217 3.5
55 9 4
55 215 4
55 17 2.5
55 255 3.5
55 214 4
55 220 3
55 245 3.5
55 207 2.5
55 235 3
55 253 3
55 8 3
55 211 4
55 3 3
55 2 3
55 7 2.5
55 12 3
55 212 4
55 1 3
55 6 3.5
55 11 3.5
55 236 3
55 249 4
55 84 3
55 10 3
55 13 4
55 216 4
55 4 3
56 2 1
56 11 3.5
56 335 3.5
56 336 3
56 245 4
56 9 3.5
56 121 0.5
56 337 3.5
56 338 3
56 148 0.5
56 219 4
56 6 2.5
56 4 3.5
56 278 4
56 8 3.5
56 243 1
56 236 1.5
56 215 3
56 7 4
56 207 0.5
56 10 0.5
56 5 3.5
56 1 3
56 234 0.5
56 211 3
56 339 2.5
56 13 1.5
56 3 4
56 250 1
56 213 0.5
56 255 4
56 84 4
56 17 3.5
57 17 1.5
57 2 2.5
58 239 0.5
58 340 3
58 257 1
58 212 1
59 243 3
60 13 4
60 8 0.5
60 341 4
60 318 1
60 215 4
61 17 3
61 213 2
61 10 1.5
61 12 3
61 5 2
61 7 2
61 1 2.5
61 214 4
61 216 3.5
61 207 1
61 211 2
61 8 3
61 234 2
62 7 3
62 11 3.5
63 299 4
63 198 4
63 342 3.5
63 242 4
63 343 4
63 344 4
63 11 4
63 218 3.5
63 292 3.5
63 278 3.5
63 345 3.5
63 9 3.5
63 2 4
63 346 3.5
63 347 4
64 4 4
64 121 3
64 243 2.5
64 220 3
64 7 4
64 212 2
64 244 2
64 245 3
64 9 4
64 11 4
64 257 2
64 206 4
64 234 3
64 205 2.5
64 233 2.5
64 250 3.5
64 1 3
64 247 2
64 5 3.5
64 10 3.5
64 252 3
64 255 3.5
64 246 3
64 2 4
64 12 3
64 248 2.5
64 6 2.5
64 216 4
64 219 3
64 210 2.5
64 236 3.5
64 13 3.5
64 254 3
64 217 3.5
64 207 3
64 249 2.5
64 211 3
64 213 4
64 241 3
64 84 3
64 251 3
64 253 2
64 3 3
64 17 2.5
64 235 2.5
64 239 4
64 256 3
64 215 3.5
64 214 3
64 8 3.5
65 236 2.5
65 9 2.5
65 348 4
65 7 3.5
65 2 3
65 216 3
65 207 1.5
65 220 4
65 239 2.5
65 349 4
65 17 3
65 3 2
66 7 1.5
66 1 3
66 350 4
66 207 2
66 2 3
66 235 2
66 351 2.5
66 210 4
67 235 2.5
67 239 2.5
67 4 3.5
67 9 4
67 7 4
67 257 2.5
67 17 3
67 11 4
67 1 3
67 220 3
67 245 2
67 236 4
67 12 3.5
67 8 4
67 234 2.5
67 211 3
67 216 3.5
67 207 4
67 250 2.5
67 219 3
67 5 3.5
67 241 3
67 6 3.5
68 244 4
68 206 4
68 7 4
68 4 4
68 247 4
68 257 4
68 12 4
68 10 4
68 5 4
68 215 4
68 13 4
68 251 4
68 235 4
68 3 4
68 233 4
68 256 4
68 205 4
68 213 4
68 255 4
68 207 4
68 214 4
68 1 4
68 84 4
68 17 4
68 234 4
68 211 4
68 249 4
68 246 4
68 245 4
68 250 4
68 9 4
68 254 4
68 121 4
68 241 4
68 216 4
68 210 4
68 252 4
68 219 4
68 212 4
68 6 4
68 11 4
68 2 4
68 8 4
68 248 4
68 217 4
68 239 4
68 253 4
68 220 4
68 243 4
68 236 4
69 216 3
69 215 3.5
69 1 2.5
69 236 2.5
69 11 3
69 2 1
69 219 2.5
69 13 3.5
69 8 3.5
69 205 4
69 211 3.5
69 235 3
69 234 3
69 207 3
69 10 3
69 17 1.5
69 121 2.5
70 13 3
70 11 4
70 234 3
70 17 4
70 2 3.5
70 205 3.5
70 5 4
70 4 4
70 9 4
70 236 3.5
70 215 3.5
70 211 4
70 253 3.5
70 8 4
70 219 3.5
71 207 4
71 1 3.5
71 4 4
71 12 2.5
71 6 3.5
71 9 3.5
71 11 4
71 3 4
71 2 3.5
71 10 3.5
72 1 2.5
72 235 3
72 247 4
72 2 3
72 252 4
72 245 4
72 206 4
72 121 4
72 12 3
72 250 3
72 6 4
72 220 3
72 244 4
72 257 0.5
72 13 4
72 11 2
72 5 4
72 207 4
72 205 3
72 234 4
72 251 4
72 216 3
72 253 4
72 84 4
72 212 4
72 217 4
72 246 4
72 233 4
72 249 4
72 215 3
72 214 3.5
72 213 4
72 8 4
72 248 4
72 17 4
72 243 3
72 241 4
72 255 4
72 256 4
72 236 2.5
72 9 3
72 3 3.5
72 254 4
72 7 4
72 239 4
72 210 4
72 211 4
72 10 4
72 4 4
72 219 4
73 220 3
73 243 0.5
73 236 3
73 244 2.5
73 210 3
73 206 3.5
73 7 4
73 4 3.5
73 247 3.5
73 257 3
73 12 3
73 10 3
73 215 3
73 13 3
73 251 2.5
73 235 3.5
73 3 3.5
73 233 3
73 205 3.5
73 213 3
73 255 3
73 207 3.5
73 214 3
73 5 4
73 1 3.5
73 17 2.5
73 211 3
73 234 3.5
73 249 2.5
73 246 3
73 250 3
73 9 2.5
73 256 3.5
73 254 2.5
73 121 3.5
73 241 4
73 216 4
73 84 2.5
73 252 3
73 219 3.5
73 212 3
73 6 2.5
73 11 3.5
73 2 3.5
73 8 3
73 245 3
73 248 2.5
73 217 3.5
73 239 3
73 253 3
74 261 3
75 216 2.5
75 7 4
75 257 3
75 207 2.5
75 2 3
76 13 4
77 11 2.5
77 215 3
78 183 1
78 352 1
78 353 3
78 354 0.5
78 355 4
78 356 3
78 357 3.5
78 358 3
78 359 1.5
78 360 4
78 361 2.5
78 362 3
78 363 4
78 364 0.5
78 365 3
78 366 3.5
78 367 4
78 368 4
78 369 3
78 370 3.5
78 177 4
78 371 2.5
78 372 2.5
78 373 3.5
78 374 2.5
78 375 2
78 376 2.5
78 377 4
78 378 1
78 379 3
78 380 4
78 381 0.5
78 382 0.5
78 383 2
79 384 4
79 385 0.5
79 386 2
79 344 4
79 387 0.5
79 8 0.5
79 388 3.5
79 389 4
79 390 3.5
79 391 2.5
79 392 1.5
79 393 4
79 394 3
79 395 1
79 396 4
79 217 3
79 248 1.5
79 397 1
79 398 4
79 399 4
79 400 3
79 401 2.5
79 309 0.5
79 3 2.5
79 402 2.5
79 403 3.5
79 404 0.5
79 405 2.5
79 378 3
79 406 3
79 407 0.5
79 408 3
79 409 2.5
79 13 4
79 410 1.5
79 411 4
79 412 3
79 413 1
79 414 4
79 237 1
79 415 4
79 212 0.5
79 172 1
79 416 1
79 417 4
79 418 0.5
79 335 3.5
79 419 2
79 233 3
79 420 1
79 421 4
79 422 1.5
79 423 2.5
79 424 1.5
79 425 3
79 426 2
79 6 3
79 427 2.5
79 428 3
79 429 4
79 430 1.5
79 243 0.5
79 315 4
79 431 1.5
79 218 1.5
79 432 1
79 433 3.5
79 434 1
79 435 2.5
79 436 3
79 437 1
79 438 2
79 439 1.5
79 440 2
79 441 2.5
79 442 3.5
79 443 2.5
79 444 2.5
79 445 3
79 446 4
79 447 3
79 361 1.5
79 250 2.5
79 257 3
79 318 0.5
79 448 2.5
79 449 2
79 450 1.5
79 451 4
79 452 3.5
79 453 3
79 454 3.5
79 455 2
79 215 1
79 456 4
79 457 1
79 458 3.5
79 459 0.5
79 460 2.5
79 461 2
79 462 3
79 463 1
79 464 4
79 465 4
79 466 3.5
79 467 3
79 468 2
79 4 4
79 469 2
79 84 4
79 470 1.5
79 471 2.5
79 472 3
79 473 2.5
79 474 1.5
79 475 4
79 476 1.5
79 477 2.5
79 478 3
79 479 4
79 480 2.5
79 481 2
79 482 2.5
79 483 1.5
79 244 3.5
79 484 4
79 273 2
79 304 2
79 347 2
79 485 1.5
79 486 1.5
79 352 3
79 487 4
79 239 2.5
79 488 3
79 256 3.5
79 489 3
79 490 3.5
79 491 1
79 492 2
79 493 0.5
79 494 1
79 495 1.5
79 255 3
79 496 1
79 497 3
79 498 1.5
79 499 3.5
79 500 4
79 501 1.5
79 502 2.5
79 503 3
79 504 0.5
79 121 1.5
79 505 1.5
79 506 1.5
79 251 1.5
79 507 1
79 508 4
79 509 1
79 510 1
79 511 2
79 512 2.5
79 513 4
79 514 3.5
79 515 3
79 516 2.5
79 517 1.5
79 518 0.5
79 519 3.5
79 520 2.5
79 521 3.5
80 2 4
80 432 4
80 250 3
80 318 4
80 235 3
80 1 2.5
80 512 4
80 207 3
80 522 3.5
80 7 4
81 523 1.5
81 379 3
81 524 2.5
81 525 4
81 489 1
81 181 3
81 526 4
81 527 3
81 435 1.5
81 528 1
81 529 4
81 407 4
81 295 4
81 530 4
81 531 1.5
81 244 3
81 356 3
81 214 2.5
81 532 2.5
81 533 1
81 249 2
81 11 1.5
81 90 3.5
81 215 3
81 534 3
81 535 0.5
81 536 0.5
81 537 3
81 538 1.5
81 252 3
81 539 4
81 540 2
81 541 4
81 542 2
81 543 2.5
81 544 2
81 545 4
81 546 4
81 547 2.5
81 548 1
81 549 4
81 550 1.5
81 236 3
81 4 3.5
81 13 2.5
81 207 2.5
82 4 3
82 207 2
82 12 3
82 8 4
82 236 0.5
82 551 3.5
82 239 3
82 7 4
82 2 4
82 11 3.5
83 10 3
83 11 4
83 220 2.5
83 215 4
83 213 3.5
83 241 2
83 13 4
83 235 3.5
83 243 1.5
83 7 2.5
83 206 4
83 257 2.5
83 1 4
83 236 3
83 248 4
83 12 2.5
83 247 3.5
83 17 2.5
83 251 3
83 2 3
83 249 2.5
83 4 4
83 217 4
83 210 2
83 219 3.5
83 234 4
83 253 2
83 246 3
83 9 3
83 205 3
83 121 4
83 216 3
83 255 2.5
83 207 2.5
83 6 2.5
83 239 2.5
83 250 3
83 233 2.5
83 84 3
83 252 3
83 244 2.5
83 212 2.5
83 245 2.5
83 211 3.5
83 254 2.5
83 256 3
83 3 2.5
83 5 2.5
83 8 1
83 214 4
84 12 3.5
84 17 4
84 1 3.5
84 9 4
84 247 3.5
84 5 3.5
84 217 4
84 205 4
84 220 4
84 233 3
84 235 3.5
84 213 4
84 7 4
84 243 3
84 2 4
84 219 2.5
84 236 4
84 4 3.5
84 207 4
84 255 3
84 8 4
84 11 3.5
84 13 3.5
85 213 4
85 245 4
85 8 4
85 11 4
85 4 4
85 13 4
85 219 4
85 211 4
85 207 4
85 255 4
85 215 4
85 212 4
85 7 4
86 121 4
86 241 4
86 216 4
86 210 4
86 252 4
86 219 4
86 212 4
86 6 4
86 11 4
86 2 4
86 8 4
86 245 4
86 248 4
86 217 4
86 239 4
86 253 4
86 220 0.5
86 243 4
86 236 4
86 244 4
86 206 4
86 7 4
86 4 4
86 247 4
86 257 4
86 12 4
86 10 4
86 5 4
86 215 4
86 13 4
86 251 4
86 235 1.5
86 3 4
86 233 4
86 256 4
86 205 4
86 213 4
86 255 4
86 207 4
86 214 4
86 1 4
86 84 4
86 17 4
86 234 4
86 211 4
86 249 4
86 246 4
86 9 4
86 250 4
86 254 4
87 207 2
87 257 2.5
87 205 1.5
87 7 3
87 239 1
87 17 2.5
87 12 3
87 236 3
87 1 3
87 2 2.5
87 219 3
88 219 3.5
88 215 3
88 1 2
88 7 3
88 17 4
88 236 4
88 250 4
88 5 1.5
88 211 4
88 251 3.5
88 207 2.5
88 10 2
88 3 3.5
89 257 2.5
89 235 3
89 12 3
89 1 4
89 211 4
90 2 3.5
90 13 3
90 205 3.5
90 10 3.5
90 215 2.5
90 214 4
90 3 3.5
90 1 4
90 213 4
90 11 3
91 292 4
91 242 3
91 8 2.5
91 211 2
91 552 3
91 352 1.5
91 553 2
91 12 1.5
91 212 3
91 254 2
91 554 4
91 6 2
91 11 4
91 555 4
91 236 3
91 556 3
91 84 3
91 557 3
91 558 4
91 559 2
91 560 3.5
91 561 2.5
91 441 3.5
91 562 4
91 563 3.5
91 252 3
91 564 4
91 216 2
91 565 4
91 566 3.5
91 4 4
91 567 3
91 568 1.5
91 425 4
91 121 4
91 569 3.5
91 570 3.5
91 571 4
91 572 4
91 573 4
91 574 3
91 255 3
91 575 1.5
91 220 3
91 576 3
91 245 2.5
91 234 4
91 393 4
92 241 3
92 13 2
92 17 3.5
92 215 2.5
92 9 3.5
92 250 3.5
92 1 3
92 211 2
92 254 3
92 84 4
92 236 3.5
92 206 3.5
92 216 1.5
92 205 3.5
92 207 3
92 11 3
92 8 2.5
92 4 2
92 12 1.5
92 219 3.5
92 253 3.5
92 10 2
92 255 3
92 2 1.5
92 213 3.5
92 7 3.5
93 2 3
93 215 2.5
93 1 2.5
93 216 3
93 9 3.5
93 12 2
93 11 3.5
93 207 3
93 3 3
93 13 3
93 7 2.5
93 4 3
94 235 3
94 10 3
94 5 3
94 254 3.5
94 234 3
94 7 2
95 577 2
95 2 4
95 12 3
95 250 4
95 207 3.5
95 11 4
95 578 3
95 10 4
95 7 3.5
95 210 3.5
95 13 4
95 1 3
95 5 3
95 252 4
95 241 3
95 579 3.5
95 216 3
95 246 2.5
95 206 4
95 4 4
95 580 4
95 217 4
95 256 4
95 248 3
95 215 4
95 213 3.5
95 205 3.5
95 255 3
95 214 3.5
95 220 3.5
95 121 3.5
95 245 3.5
95 234 3
95 251 3
95 235 3
95 8 3.5
95 211 0.5
95 3 4
96 220 1.5
96 121 4
96 241 2.5
96 216 3
96 210 4
96 252 1.5
96 219 3.5
96 6 3
96 11 3.5
96 2 2.5
96 8 3
96 248 4
96 581 2
96 217 2
96 239 2.5
96 253 3.5
96 243 3.5
96 236 3.5
96 244 3.5
96 206 3
96 7 1.5
96 251 1
96 4 2.5
96 247 3.5
96 233 3
96 257 4
96 12 2.5
96 207 2.5
96 10 3.5
96 5 3
96 1 3.5
96 215 2.5
96 211 3
96 13 2
96 235 1.5
96 3 3.5
96 256 3.5
96 205 2
96 213 4
96 255 3
96 214 2.5
96 84 2
96 17 2.5
96 212 2
96 234 3.5
96 249 3
96 246 2.5
96 245 3
96 250 4
96 9 2
96 254 3.5
97 236 4
97 248 1.5
97 6 4
97 235 2
97 215 3
97 212 2.5
97 211 4
97 252 1.5
97 246 2.5
97 244 2
97 3 3.5
97 4 4
97 245 2
97 241 1
97 257 3.5
97 254 3
97 219 3
97 207 3.5
97 256 3
97 243 1.5
97 205 3
97 84 4
97 13 2.5
97 220 3
97 249 2.5
97 8 4
97 7 4
97 210 2
97 11 4
97 12 4
97 17 4
97 253 1
97 239 3.5
97 250 3
97 233 3
97 5 4
97 255 3.5
97 234 2
97 10 2
97 121 3
97 251 2
97 1 0.5
97 213 2.5
97 206 3.5
97 214 3
97 2 4
97 217 1.5
97 216 1.5
97 247 4
97 9 4
98 582 2
98 7 4
98 309 4
98 313 4
98 583 3
98 584 4
98 522 2
98 169 3
98 585 2.5
98 257 1
98 586 4
98 587 3.5
98 588 4
98 217 3
98 589 4
98 590 4
98 341 3.5
98 318 4
98 432 4
98 591 4
98 592 4
98 593 4
98 336 4
98 594 1
98 595 4
98 294 4
98 596 4
98 218 3.5
98 345 2.5
98 512 4
98 2 4
98 597 4
98 12 4
98 254 3
98 91 4
98 207 4
98 365 4
98 236 1
99 3 3
99 220 4
99 5 3
99 233 2
99 213 4
99 215 1
99 206 4
99 211 3
99 239 4
99 216 1
99 219 3
99 10 2
99 12 2
99 241 2
99 207 1.5
99 254 4
100 215 3